image: mapname.pgm
resolution: 0.050000
origin: [-0.903603, -7.476694, 0.000000]
negate: 0
occupied_thresh: 0.65
free_thresh: 0.196
